%YAML:1.0
---
camera_matrix: !!opencv-matrix
   rows: 3
   cols: 3
   dt: d
   data: [ 8.4247565127072937e+02, 0., 6.3709750581332935e+02, 0.,
       8.4247565127072937e+02, 4.9404840857126169e+02, 0., 0., 1. ]
dist_coeffs: !!opencv-matrix
   rows: 5
   cols: 1
   dt: d
   data: [ -2.5214446345347380e-01, 7.2467634026010960e-02,
       -3.7212601064173299e-03, 4.3313644590475359e-04, 0. ]
pixel_scale: 1.
persp_transf: !!opencv-matrix
   rows: 3
   cols: 3
   dt: d
   data: [ 7.6938588597298301e+00, 4.7966701120510153e+00,
       -4.1216251338418515e+03, 2.0612673424702563e-02,
       1.3748653174277049e+01, -5.9311731019178033e+03,
       7.5476868767363733e-05, 5.6215455751424297e-03, 1. ]
